 68.0529 200.723
 81.5435 249.508
 95.3340 293.024
108.8247 327.770
122.3153 354.081
136.1058 372.079
149.5964 381.493
163.3869 383.478
176.8776 378.901
190.3682 368.833
204.1587 354.063
217.6493 336.278
231.1400 316.076
244.9304 293.924
258.4211 271.432
272.2116 248.239
285.7022 225.940
299.1929 204.327
312.9833 183.262
326.4740 163.830
339.9646 145.750
353.7551 128.835
367.2458 113.568
381.0362 99.451
394.5269 87.036
408.0175 75.876
421.8080 65.766
435.2986 57.008
448.7893 49.223
462.5798 42.267
476.0704 36.352
489.8609 31.062
503.3515 26.580
516.8422 22.644
530.6327 19.255
544.1233 16.391
557.9138 13.811
571.4044 11.716
584.8951 9.921
598.6855 8.364
612.1762 7.087
625.6669 5.801
639.4573 4.523
